49 84 51 82 57 49 81 75 44 54 56 66 98 64
56 75 70 57 41 91 62 92 46 68 84 98 46 61 65 99
55 83 75 56 78 94 93 86 55 62 74 97
70 77 60 86 95 41 61 97 66 55 97 72 45 69 85
71 82 47 79 83 41 57 90
68 47 85 76 83 47 83 93 66 57 65 81
52 70 58 66 49 48 54 45 71 59 63 93 97 100 48 56 73
83 80 88 99 90 56 87 72 55 44 91 72 87 89
69 65 95 91 76 70 60 60 65 66 91 65 59
44 87 83 76 42 75 64 54 96 41
100 97 75 43 51 82 94 50 60 66 92 43 92 82 44 74
42 73 48 95 70 89 68 94 77 79 91 65
42 57 51 52 99 61 98 83 91 96 50 50
48 71 72 87 95 97 66 54 50 68 62 46 95 45 71
96 77 74 100 87 48 90 93 65 49 77 84 75
94 59 51 84 64 74 74 93 62
97 51 69 48 54 68 95 68 83 54 75 86 100 43 97 96
61 66 44 80 41 74 91 93 74 69 53 62 79
72 59 97 74 95 76 91 65 58 45 51 95 85
58 55 69 84 53 49 62 71 42
47 50 68 46 41 46 60 62 85 85 59
43 100 46 77 46 69 67 50 86 83 75 78
88 90 62 81 57 61 44 70 46 64 87 44 58
92 42 91 77 79 52 89 62 74 88 89 99 89
76 49 41 81 61 77 49 100 50 47 92 53
91 91 48 77 91 63 42 54 58 48 66 53
55 88 94 83 54 56 76 85 53 65 85 93
83 74 71 96 75 44 76 99 60 53 78 41 76
95 65 78 51 56 99 54 60 82 73
81 96 74 53 43 98 74 87 47 93 78
91 86 94 48 63 46 43 76 50 55 41 56 86 45
69 58 91 82 100 41 47
76 67 82 68 76 55 57 89 78 92 51 71
71 72 90 45 80 45 61 84 46
96 59 87 85 68 64 53 82 52 97 92
54 51 43 56 56 79 61 55 97 42 63
94 56 89 64 87 46 65 81 62 74 87 49
92 66 56 62 67 70 55 47 79 86 71
59 73 77 97 44 84 54 71 84 61 63 77
52 93 93 51 45 89 98 43 68 70 88 75 61 89
79 82 57 53 51 87 86 50 67 48 82 68 49
53 94 50 48 57 83 57 94 73 76 70 69
94 63 43 55 62 47 52 84 52 74 79 94 45
78 71 98 94 42 92 73 93 93 76 47 48 57
47 51 79 57 75 75 64 93 96 58
64 64 61 87 83 44 42 57 52 85
93 59 52 56 59 93 66 83 81 47 55 79
48 53 80 71 97 49 43 59 59 96 91 46 60 88
89 97 71 83 91 54 92 44 69 74 50 77 80 47 78 92
49 91 49 77 43 47 94 50 91 55 100 85 56 44
89 86 49 76 44 98 58 43 74 46 93 83 86 99 96 49
47 90 55 78 100 87 43 99 70 86
49 78 77 65 55 88 91 49 57 52 100 89
84 60 55 42 63 93 71 90 66 87 48 85 82
63 62 48 82 70 92 45 50 95 97 94 91
72 74 93 57 53 62
89 95 76 42 88 89 51 46 63 51 75
55 59 59 52 70 91 69 58 59 41 84 60 96 57 73 98
68 65 98 62 79 73 63 94 56 47 69
62 59 84 87 72 58 64 97
100 86 52 57 88 70 48 96 47 96 94 88 53 73 100
48 62 78 94 44 70 74 75 65 53
46 70 56 66 87 77 95 98 100 88
75 93 85 75 52 53 51 87 59 88 58
82 70 57 75 84 63 89 65 85 42 48 88 60 100 90 54 46
57 71 95 44 86 86 66 99
81 86 96 85 64 81 64 89 68 65 58 69 47 98 92 90
80 76 87 52 44 84 93 64 82 95 83 69 77 72 52 47
79 63 57 75 60 45 90 91 63 66 57 59 74
65 54 69 78 97 52 87 89 69 54 75
65 44 85 61 93 46 70 89 54 59 72
98 90 60 62 81 73 75 91 78 80 43 58 89 77
70 77 54 64 59 90 67 71 79 64 65 63
85 42 68 63 47 67 58 89 43 81 65 83
70 53 49 65 51 67 89 55 73 75 58 74
45 100 99 84 92 45 46 83 51 96 62 59
85 99 94 78 98 84 70 43 77 68 62 51 72 47
43 57 49 79 77 50 58 51 88 73 77 50
58 99 74 92 57 54 55 52 97 74 99 94 72
98 44 65 78 51 46 54 90 43 43 70
54 63 77 84 41 44 48 98
50 96 52 59 59 87 42 68 82 76 67 78 70
88 66 96 50 61 74 74 63 93 48 96 89
52 80 91 87 74 46 49 41 71 61 43 98 47 77 100 45
57 56 75 97 70 61 54 77 57 48 84 61
91 100 75 95 93 51 52 75 94 65 47 50 47 60 46
48 68 42 61 84 75 47 52 98 45 79 60 83 52 53
41 43 49 96 97 74 53 61 75 97 87 76
75 82 100 81 85 53 87 81 44 73 54 89 58 94 68
88 71 67 52 61 71 48 44 97 83 56 78
56 79 94 79 58 77 41 86 77
97 87 43 52 54 41 89 46 98 74 58 87
69 92 43 91 94 45 43 57 79 46 72
48 63 75 86 41 98 45
84 58 55 75 81 75 84 77 62 44 72 76
79 83 47 44 85 90 84 57 59 99 96
91 76 61 84 91 77 95 53 59 81 54 71 89
93 64 67 74 90 41 48 42 61 42 68
59 86 93 68 98 71 75 46 69
81 96 66 56 63 63 84 43 44 58 68 99 63 59 62
